6541236447
35146949330
56213748248
22681618930
25840496150
10351274813
45854856993
44147761190
48564876919
35302029358
5825925015
25708939310
46265510086
9992684388
6969636174
37896311978
25112101118
63568245948
54446209858
45702792510
24341154963
55241620361
27844852046
48646643210
44327000684
47114899811
4847640848
10591756260
43899888530
66706609963
33630565821
32103379396
59824673369
30502093140
44662304713
28351856911
8789119730
42026320910
2246500303
62456035849
60666482760
30286241852
37928407313
52624753852
43690074778
54150831868
29099698911
45337674958
5372393776
50416518573
35207453235
4202717834
63832616227
47773837722
19629634983
42659256134
8515925557
1460818728
67254592410
68402774891
28190604932
35424983884
14310460519
51130877110
59189782252
48851341877
3781364890
37010088810
63078422424
28596234735
17721861437
31337353376
21331972781
61309553279
24949832601
63154381339
65159366001
14977253433
26231525460
53703153400
51528929076
3443226510
68124661906
45146311934
26399897427
23715663414
28857561087
65788036981
51863753308
32203003951
49522635260
57382271359
65118041238
12107823476
57843032288
31208728439
27973661996
34215052692
33043722928
33423915632
21092630657
46613480924
25117527320
7497513188
47298647398
65558043765
23791427602
43196843701
66368960157
31143824094
59359245882
66004447656
3402943477
1582614704
10716359922
57565563385
26867063276
12436870573
11490457719
9278157977
56602822190
19688462067
47260901436
12919600009
60850122212
8643990765
68263839548
54048164385
28286731406
31658857277
57986068261
25617020081
34670298378
36199664475
19650654444
44503918504
39809224760
26947055186
53632011785
67683501715
29241300781
64910337139
63925091217
31649061637
45910105174
14812729259
54767278695
55225961329
68034177145
66502500151
11895667432
15513235688
8232958568
17245675245
5857929010
40810027062
5355927007
52003748574
36334093365
12633658042
3894654187
54682162736
68381469527
61431580865
57356962737
44306825772
41872776981
3566323211
2837636633
1706841523
40464453854
37419304146
5701566717
22992851185
45744695802
64782396606
14117608512
13959
18589670710
36404123627
3414995681
9002219571
6100751659
17314122001
46046150236
48294192128
27491249704
26581072639
43271706430
39908479776
45537807184
61822066575
5509927333
16947878927
59650259856
56255951882
30324881564
12064371287
29978977181
15834658466
9179627339
14246257659
15438981208
59876003229
8890440191
20511904605
47951685598
40908800883
16387849228
22442811401
8276033185
26382304801
16300526776
54328251028
1759158387
5619051895
51865729696
44424043852
67401319210
58349178696
53326353144
7170576393
30221212405
45282973994
24453702043
34816274691
37964635801
18276650202
11904963801
27383623592
57075879264
6538920507
30272622941
6449572858
45385105118
32995413547
54710851084
61088924256
6301643525
51382907031
42293912555
44172623047
35625851247
24846350688
15449851515
64143469785
25695203721
59536633718
67098838286
19797082255
15968634401
53982194243
4975189523
65555269345
13822440512
35667528413
55036230074
32357998345
46245548330
62146497635
41935519693
62553062543
50856491595
57345266082
53819975920
484166185
25001724476
31087315046
46755236163
7985162686
20371790637
17086270798
29952465225
7089023931
52717660730
24750580594
39937481711
28227303025
26704506048
46127915055
30111843007
59682161823
9169012483
14565139975
15095677177
44050179537
52172398726
35398134174
48768575393
15686800434
19760372286
40823536783
24576269344
13543547145
6846119501
11696019734
1082959746
19680214726
25412411363
45981035691
49028012087
8113783740
64263658206
60478284892
21331227195
38228161361
12819640998
20669666589
60521635558
35745195692
59095783786
27677398559
43589770761
31066334653
29990103773
53111239896
7971296848
25174647512
15973767152
66515240632
28350250472
28142094376
1098612212
16577501046
33076594823
22551041699
27744012644
52669197251
42583727194
35916113860
53738319834
827254322
19401815443
45735678215
29096413915
1503965851
25044186012
2897013855
2104506955
58362789890
20090495276
891185131
41182397996
47759245851
12358623178
16237045788
42875266134
16814959486
56645577907
61143613010
51549112819
20628266926
37432062908
66352344782
43139527916
35179528362
6241960184
51876247941
48185787516
55746180999
39148439718
66562703604
8249094742
60504672101
12398304222
67475456906
57605358974
2048821947
11828524477
24147194059
23073544109
34911408068
42701190677
64052397697
36827143110
10399819363
29880232537
9780336527
55038645933
42583860416
2219892485
58541550045
50923573301
14411784428
2481435655
49328640042
37052008496
34498862293
24572005814
18185102655
8678558982
44079451518
19163420753
6289532606
43948624006
3724074845
14991340038
20443650729
7487248766
1216549397
36530553685
18675494661
21170097104
26635627379
24449072478
37879822661
37221184807
29307360486
29718941592
52507903838
8455073716
39708305462
58333508121
15445794009
1006441021
17239132230
40408611459
44662364323
31286600637
12794069954
130126088
39935153062
50469518613
66204477217
68364262208
30597062747
46116283674
52590742492
65768705319
33499869715
38337119571
24403451653
64198761242
7752477453
39588848057
66339056845
4606803427
32256142721
16186368330
29656714370
39762445819
48317488201
60546223217
32488315293
8819989891
65268420500
30018979741
15807700564
24773205087
22494945516
27855637769
22929900500
6896681114
12935125211
27827118232
41754185259
349159588
56204464376
46573002628
21513017229
25776567226
31247059190
2521998378
10879251986
15223372539
22904789300
12923850594
2101170190
26513783274
9274067244
55489753954
67709535956
38456190247
44087027388
52459122739
45926232321
16678727090
443684314
11093463394
31235001790
37892478449
315275435
4633447710
55861241565
47246833463
60417083319
14070640206
5788418435
62723117874
29359532963
43697204786
19567557881
59649824227
42928153317
61828007199
24631933235
68704867901
57876780409
59662033155
25131634232
24648716780
18946988402
11628389390
920779689
19910980094
10190800915
56896250322
11788405653
51582030720
68329314495
28930950278
67226555023
32918079370
46042524959
23051056688
14679845739
550392206
49977636476
49336421252
46245536139
32435433418
11621668216
31788146800
12848842936
45296915945
67061407654
22183640932
8755880441
20496410359
31792542056
24924720884
58501036859
47239061044
8399599149
65197054364
50220795599
47972526808
50260692823
33470991156
38835240441
13703690134
14935996485
4422217008
6543332937
40300144005
65002929762
56699943949
8253360313
17822079336
68203703128
62251005385
31246137991
10012855106
12266571461
42790266439
35771907273
11981955377
53920824730
4086188391
47718327776
784226277
8391481205
21517591359
55705500631
58900359630
49790330535
4867372400
55294691205
28736220903
9609332728
45103566064
5333141494
52682807833
67815327528
56788123553
59458113840
17640749599
53459957640
52340856808
60645453677
13314046557
13458643439
63347945157
11985479581
1605130410
18853508245
44153515029
6504113028
63190540864
34755767845
23178466730
8731390848
67943292190
65152197837
47921811945
24864847578
66575757106
15465545431
18521435484
58834954469
2274716330
2125343901
34646568549
31429332251
9678514409
31074366824
31910866455
23192476742
36054722599
35957782948
53473350005
12550116204
60754262026
4200722421
49466947890
62117081940
3357234795
11291981488
35325059004
21974406032
39012142127
54927288653
5238968537
17828600636
48683274865
21086590483
63367953341
64219685800
16209930898
2433214073
33955575157
28946925260
25273816391
25654313713
33885102220
62122633983
57698486702
60034424375
29224475429
24368379548
48696387911
3723119746
5578541381
41209246908
48307446828
20234432312
58420202080
56274796375
48171548940
4325140077
14244077731
52705815600
33189846759
46314443485
14510849435
37253753725
57733138745
66777318611
68299545273
48564703411
18794086685
53870131471
9432400704
59735187876
8042853448
62056190785
22720983928
2988289486
10375633499
67750098480
7561383393
49949463112
10543754050
11972348268
30370696619
19172227264
34836084306
8709448698
20841803772
22656435363
59310229355
34717816003
56418575082
48321210340
59778788318
3757947383
8097183208
44553635692
65095977631
57639767056
9524031457
67471921008
58584140482
23265097777
26336163028
58008381628
26408083813
29129362301
11096065444
11497453624
62203521099
35726674811
64211092209
46384909967
10058675927
2651955668
49453344157
8758906271
31969654065
13727791307
37303863177
49255282556
28375290404
58905642611
13224027876
31325616784
40597980397
24326595481
10560963248
13692547161
49081179810
40514007676
50717765310
62337533033
7268871202
59959382833
47593416641
19766890252
21418726967
5044022900
3631939106
27188313116
6736101487
29558965313
30024590690
7915631972
28949197486
930902573
5756235722
14915468461
34892224689
24111313245
21762367881
49294984035
67017314357
31570511572
32245457341
21540958942
63764613932
12252550951
50814648287
38353332583
5983298554
67756502905
66332665824
1850859593
8756949174
17759545888
41790825500
9658623481
63665965164
49685073565
10755642133
15969829128
38031047877
39615814443
51407511238
34717267352
64440364723
24557787786
22927381457
59276990009
33453564914
51308501741
59847126882
18969049123
16651870687
55893632505
12096386086
3287486493
4916312776
55265353518
37826791742
10241462678
27509951724
6711127366
28545207679
9974395729
55072230720
65942708246
33726372828
29540603151
22794073511
40499653150
19881400826
22218093571
2205554401
58584750697
29456176967
32091106222
10067577627
60353539168
58150220838
32593606463
12125607918
40281700608
47924151576
64983651495
52342354486
60051404580
32024613030
40099410322
67452183364
63752354779
38885376183
31749147125
40788512425
22349537721
29181236211
44393706722
38699478807
1962656886
19820155215
57055109534
55957095370
13522530819
20992415611
39497593456
12169509914
25447081183
26558617056
11158995194
38602482484
17835567025
32104338951
2294751543
62374331544
1841015573
12664965725
16683502575
35886846004
17938969041
32831819518
1002066933
38334174958
48444956315
46054092846
68419118250
29529188835
55343447460
61822330585
31884690343
10382978742
45088221093
37891636359
10823335491
41297811957
51473347806
12723976431
23900515628
61211008051
12577547297
13243947862
41661049267
14536511389
47891621707
5671588703
22183832221
50933333290
56247363043
21681593213
7385447248
8922020479
62908331692
67663165682
36733981844
33386570946
10418956616
40707123078
27084428787
40424922502
40932487294
28022558995
10063506045
61053636022
4931567970
6414775777
41125964359
68241539449
43400419061
10352866685
15108947849
4575328460
60934141413
40645642241
34934996030
19174457157
36596235782
44696761371
29730632759
65636465688
46287738157
36884840916
4547196667
44175844193
6394050277
31560530240
26482332732
16621312597
26352083950
45430167931
50325785830
22827545288
22846909643
39994938445
64567970773
49334521811
60043221504
19789816535
62194079191
28302960010
51685340200
18667187696
43156127045
56324433392
31190486091
9912364563
66125097237
26918918367
40448043764
18131656963
10892331552
30651142770
54284802229
7459848073
38107833615
61354725152
18117136347
34864860038
37138227480
51471772102
34538529489
29567751348
37390869870
4512219399
65334169021
6183839804
30007972124
24158453797
13991714440
2141693167
67727417932
15835289348
38370437671
65450227875
65947984238
59209558668
9718031379
38572694288
34217073924
33610256261
48607102908
14533773906
42223474534
57407088356
4546575302
22682215845
29059944531
37248467547
32461266395
38339989997
57513281354
9618678155
45685862679
36432579182
54072058356
27141737272
12879262155
12499771865
64248404903
24447491962
15459482402
41965093632
9670502792
41066496077
1447094107
67015311678
38611711819
2257875548
25432566273
34959065009
48037259404
42599084020
45863436494
37147566858
13341657426
64734979381
59892514234
19679072735
14952714213
62005696357
63974261656
46646193330
57178796049
34504534547
66846783716
52580066380
57820435891
20387555170
10686068444
50617007531
28188217549
13757342393
40953538743
32893081933
21142432867
24231753814
2260199711
53458883142
19939204206
45788897003
11505271287
25704799192
50262027749
19834973079
29584008852
22367382008
23771101249
46920101798
39538001912
35096797804
35589701900
31231683654
32967739290
15472454906
55147139562
39190032934
9827015491
4557781918
1196896172
20544216382
11076771809
24794056778
41162838933
1479237394
24455153386
50916909056
4969624061
4147743122
18584122756
59970627779
64051875318
55968288716
20977466230
43881939827
48916502659
19087540417
11705127834
30208517892
26001344148
16938390490
50918142887
58644182688
34417758403
54404360587
65542794522
42845855623
33294422204
47093639163
53909036670
66436754194
14302336427
60540153966
8927143400
33311549503
32445701617
45165371780
67633025351
2447034868
23957705148
38475143686
51501525779
57182390272
8590652209
54919009740
19583592752
1674368233
34899654489
52353557344
55464944619
49303126324
64211489085
60349457343
51446650375
42082330436
39267660430
58769601318
42698835972
32261351450
45690173533
7358407940
52660217741
20221051782
2412310671
9345637126
51181061246
23477445021
52435652334
18795333244
23132045750
45970824832
1861096398
53755770467
17056025299
52137540766
68295706116
32225365530
61552622640
27696709066
51319640637
45939601930
13985271181
60927121604
48670999342
48075512472
41594190798
65927698688
63522144994
15631235610
23448343330
36563641618
43638038648
51273847222
60372276047
51386386539
15042696307
61174429410
59888472326
30577425073
61610294803
67581674443
12086649233
43722931329
23580534205
67501816969
28696962554
25112366480
60883841558
26454366526
37726214532
52702348253
3285678597
66935334710
59170107383
28430110960
5293873596
50053227264
33593696041
25036706654
27326489119
4618779229
36105742555
28919992577
5907386579
53005513665
6947914728
35111984867
11504703626
6872675095
8294498541
25486532996
60422730389
12710730605
21172656167
56641379998
56510264656
3357039133
37962174728
47822326094
45105578912
67762646412
24751236812
7701838680
9676286256
10152847188
17705829759
20717595335
24658946804
68023386488
10868274810
48774749092
24496541067
2530157792
22466817044
21532999087
8849280985
46051149238
54206869445
27828524619
59848065283
66836860054
60772299817
20055327767
776875431
34083505724
17692834823
19470810165
13367099279
67214255208
