1000000 1 0 0 1000000
1000000 1 0 0 1000000
1000000 1 0 0 1000000
1000000 1 0 0 1000000
1000000 1 0 0 1000000
1000000 1 0 0 1000000
1000000 1 1 0 1000000
1000000 1 1 0 1000000
1000000 1 1 0 1000000
1000000 1 1 0 1000000
1000000 1 1 0 1000000
1000000 1 1 0 1000000
1000000 1 2 0 1000000
1000000 1 2 0 1000000
1000000 1 2 0 1000000
1000000 1 2 0 1000000
1000000 1 2 0 1000000
1000000 1 2 0 1000000
1000000 1 3 0 1000000
1000000 1 3 0 1000000
1000000 1 3 0 1000000
1000000 1 3 0 1000000
1000000 1 3 0 1000000
1000000 1 3 0 1000000
1000000 2 0 0 651331
1000000 2 0 1 348669
1000000 2 0 0 444839
1000000 2 0 1 555161
1000000 2 0 0 536180
1000000 2 0 1 463820
1000000 2 0 0 358237
1000000 2 0 1 641763
1000000 2 0 0 383097
1000000 2 0 1 616903
1000000 2 0 0 360045
1000000 2 0 1 639955
1000000 2 1 0 440083
1000000 2 1 1 559917
1000000 2 1 0 409957
1000000 2 1 1 590043
1000000 2 1 0 486864
1000000 2 1 1 513136
1000000 2 1 0 350811
1000000 2 1 1 649189
1000000 2 1 0 419523
1000000 2 1 1 580477
1000000 2 1 0 515321
1000000 2 1 1 484679
1000000 2 2 0 486468
1000000 2 2 1 513532
1000000 2 2 0 708032
1000000 2 2 1 291968
1000000 2 2 0 421196
1000000 2 2 1 578804
1000000 2 2 0 298616
1000000 2 2 1 701384
1000000 2 2 0 508757
1000000 2 2 1 491243
1000000 2 2 0 468849
1000000 2 2 1 531151
1000000 2 3 0 500131
1000000 2 3 1 499869
1000000 2 3 0 499957
1000000 2 3 1 500043
1000000 2 3 0 500414
1000000 2 3 1 499586
1000000 2 3 0 499396
1000000 2 3 1 500604
1000000 2 3 0 500124
1000000 2 3 1 499876
1000000 2 3 0 500298
1000000 2 3 1 499702
1000000 4 0 0 123287
1000000 4 0 1 292116
1000000 4 0 2 123098
1000000 4 0 3 461499
1000000 4 0 0 98061
1000000 4 0 1 208639
1000000 4 0 2 79830
1000000 4 0 3 613470
1000000 4 0 0 142836
1000000 4 0 1 139771
1000000 4 0 2 332784
1000000 4 0 3 384609
1000000 4 0 0 76483
1000000 4 0 1 81516
1000000 4 0 2 663228
1000000 4 0 3 178773
1000000 4 0 0 83477
1000000 4 0 1 77461
1000000 4 0 2 150346
1000000 4 0 3 688716
1000000 4 0 0 409618
1000000 4 0 1 128984
1000000 4 0 2 119074
1000000 4 0 3 342324
1000000 4 1 0 190905
1000000 4 1 1 322402
1000000 4 1 2 318446
1000000 4 1 3 168247
1000000 4 1 0 183953
1000000 4 1 1 306318
1000000 4 1 2 161582
1000000 4 1 3 348147
1000000 4 1 0 154914
1000000 4 1 1 304276
1000000 4 1 2 164855
1000000 4 1 3 375955
1000000 4 1 0 177496
1000000 4 1 1 226696
1000000 4 1 2 206692
1000000 4 1 3 389116
1000000 4 1 0 215594
1000000 4 1 1 198679
1000000 4 1 2 219199
1000000 4 1 3 366528
1000000 4 1 0 302206
1000000 4 1 1 230408
1000000 4 1 2 255809
1000000 4 1 3 211577
1000000 4 2 0 291085
1000000 4 2 1 202060
1000000 4 2 2 242476
1000000 4 2 3 264379
1000000 4 2 0 258652
1000000 4 2 1 245443
1000000 4 2 2 242511
1000000 4 2 3 253394
1000000 4 2 0 253477
1000000 4 2 1 270691
1000000 4 2 2 241983
1000000 4 2 3 233849
1000000 4 2 0 273606
1000000 4 2 1 232246
1000000 4 2 2 227658
1000000 4 2 3 266490
1000000 4 2 0 239909
1000000 4 2 1 255612
1000000 4 2 2 248864
1000000 4 2 3 255615
1000000 4 2 0 255331
1000000 4 2 1 267395
1000000 4 2 2 217454
1000000 4 2 3 259820
1000000 4 3 0 250490
1000000 4 3 1 250153
1000000 4 3 2 249860
1000000 4 3 3 249497
1000000 4 3 0 250469
1000000 4 3 1 249977
1000000 4 3 2 249779
1000000 4 3 3 249775
1000000 4 3 0 250434
1000000 4 3 1 250035
1000000 4 3 2 249764
1000000 4 3 3 249767
1000000 4 3 0 249961
1000000 4 3 1 250160
1000000 4 3 2 249946
1000000 4 3 3 249933
1000000 4 3 0 251247
1000000 4 3 1 249631
1000000 4 3 2 249579
1000000 4 3 3 249543
1000000 4 3 0 250139
1000000 4 3 1 250055
1000000 4 3 2 249905
1000000 4 3 3 249901
1000000 8 0 0 93524
1000000 8 0 1 92973
1000000 8 0 2 315154
1000000 8 0 3 105065
1000000 8 0 4 108321
1000000 8 0 5 92569
1000000 8 0 6 88661
1000000 8 0 7 103733
1000000 8 0 0 82917
1000000 8 0 1 82123
1000000 8 0 2 86408
1000000 8 0 3 85278
1000000 8 0 4 230568
1000000 8 0 5 91515
1000000 8 0 6 93466
1000000 8 0 7 247725
1000000 8 0 0 21399
1000000 8 0 1 158443
1000000 8 0 2 276764
1000000 8 0 3 241398
1000000 8 0 4 236203
1000000 8 0 5 22749
1000000 8 0 6 18925
1000000 8 0 7 24119
1000000 8 0 0 9882
1000000 8 0 1 9462
1000000 8 0 2 8994
1000000 8 0 3 9063
1000000 8 0 4 346108
1000000 8 0 5 222576
1000000 8 0 6 262443
1000000 8 0 7 131472
1000000 8 0 0 120104
1000000 8 0 1 105817
1000000 8 0 2 252467
1000000 8 0 3 99067
1000000 8 0 4 117242
1000000 8 0 5 94646
1000000 8 0 6 99626
1000000 8 0 7 111031
1000000 8 0 0 225679
1000000 8 0 1 219334
1000000 8 0 2 26291
1000000 8 0 3 217489
1000000 8 0 4 230552
1000000 8 0 5 28087
1000000 8 0 6 26933
1000000 8 0 7 25635
1000000 8 1 0 27808
1000000 8 1 1 33977
1000000 8 1 2 28933
1000000 8 1 3 29998
1000000 8 1 4 307432
1000000 8 1 5 182937
1000000 8 1 6 254639
1000000 8 1 7 134276
1000000 8 1 0 4997
1000000 8 1 1 3953
1000000 8 1 2 4740
1000000 8 1 3 5304
1000000 8 1 4 134784
1000000 8 1 5 199429
1000000 8 1 6 515130
1000000 8 1 7 131663
1000000 8 1 0 23579
1000000 8 1 1 21173
1000000 8 1 2 134747
1000000 8 1 3 31132
1000000 8 1 4 277359
1000000 8 1 5 26855
1000000 8 1 6 251310
1000000 8 1 7 233845
1000000 8 1 0 13042
1000000 8 1 1 23864
1000000 8 1 2 14102
1000000 8 1 3 288575
1000000 8 1 4 146488
1000000 8 1 5 84973
1000000 8 1 6 413525
1000000 8 1 7 15431
1000000 8 1 0 8016
1000000 8 1 1 216674
1000000 8 1 2 5275
1000000 8 1 3 474016
1000000 8 1 4 151074
1000000 8 1 5 134403
1000000 8 1 6 4425
1000000 8 1 7 6117
1000000 8 1 0 11555
1000000 8 1 1 112977
1000000 8 1 2 17681
1000000 8 1 3 429541
1000000 8 1 4 182706
1000000 8 1 5 15621
1000000 8 1 6 208302
1000000 8 1 7 21617
1000000 8 2 0 125769
1000000 8 2 1 123352
1000000 8 2 2 120813
1000000 8 2 3 129283
1000000 8 2 4 128187
1000000 8 2 5 121150
1000000 8 2 6 126752
1000000 8 2 7 124694
1000000 8 2 0 128313
1000000 8 2 1 120181
1000000 8 2 2 123373
1000000 8 2 3 125051
1000000 8 2 4 127186
1000000 8 2 5 124705
1000000 8 2 6 126900
1000000 8 2 7 124291
1000000 8 2 0 131495
1000000 8 2 1 122289
1000000 8 2 2 127970
1000000 8 2 3 138983
1000000 8 2 4 123241
1000000 8 2 5 116044
1000000 8 2 6 106559
1000000 8 2 7 133419
1000000 8 2 0 125467
1000000 8 2 1 124470
1000000 8 2 2 131954
1000000 8 2 3 129882
1000000 8 2 4 108415
1000000 8 2 5 128457
1000000 8 2 6 126296
1000000 8 2 7 125059
1000000 8 2 0 141555
1000000 8 2 1 114624
1000000 8 2 2 124954
1000000 8 2 3 131108
1000000 8 2 4 142155
1000000 8 2 5 113860
1000000 8 2 6 117973
1000000 8 2 7 113771
1000000 8 2 0 124800
1000000 8 2 1 128061
1000000 8 2 2 123453
1000000 8 2 3 121918
1000000 8 2 4 126006
1000000 8 2 5 127191
1000000 8 2 6 127789
1000000 8 2 7 120782
1000000 8 3 0 125687
1000000 8 3 1 125507
1000000 8 3 2 125422
1000000 8 3 3 124279
1000000 8 3 4 124274
1000000 8 3 5 124268
1000000 8 3 6 125293
1000000 8 3 7 125270
1000000 8 3 0 126082
1000000 8 3 1 125475
1000000 8 3 2 125424
1000000 8 3 3 125279
1000000 8 3 4 125355
1000000 8 3 5 125255
1000000 8 3 6 124076
1000000 8 3 7 123054
1000000 8 3 0 125417
1000000 8 3 1 125105
1000000 8 3 2 124980
1000000 8 3 3 125090
1000000 8 3 4 124922
1000000 8 3 5 125041
1000000 8 3 6 124767
1000000 8 3 7 124678
1000000 8 3 0 126418
1000000 8 3 1 125298
1000000 8 3 2 125433
1000000 8 3 3 125304
1000000 8 3 4 125206
1000000 8 3 5 125250
1000000 8 3 6 122796
1000000 8 3 7 124295
1000000 8 3 0 127793
1000000 8 3 1 126479
1000000 8 3 2 126095
1000000 8 3 3 123572
1000000 8 3 4 120858
1000000 8 3 5 125791
1000000 8 3 6 123600
1000000 8 3 7 125812
1000000 8 3 0 125615
1000000 8 3 1 125614
1000000 8 3 2 124786
1000000 8 3 3 124640
1000000 8 3 4 124789
1000000 8 3 5 125172
1000000 8 3 6 124774
1000000 8 3 7 124610
1000000 14 0 0 85563
1000000 14 0 1 89887
1000000 14 0 2 68545
1000000 14 0 3 95969
1000000 14 0 4 66640
1000000 14 0 5 132484
1000000 14 0 6 47154
1000000 14 0 7 82602
1000000 14 0 8 30164
1000000 14 0 9 97087
1000000 14 0 10 23646
1000000 14 0 11 24038
1000000 14 0 12 69215
1000000 14 0 13 87006
1000000 14 0 0 31938
1000000 14 0 1 51548
1000000 14 0 2 51291
1000000 14 0 3 47170
1000000 14 0 4 46842
1000000 14 0 5 46239
1000000 14 0 6 58081
1000000 14 0 7 153225
1000000 14 0 8 120468
1000000 14 0 9 101226
1000000 14 0 10 42358
1000000 14 0 11 39813
1000000 14 0 12 50076
1000000 14 0 13 159725
1000000 14 0 0 93323
1000000 14 0 1 94825
1000000 14 0 2 52101
1000000 14 0 3 50450
1000000 14 0 4 100461
1000000 14 0 5 72591
1000000 14 0 6 25851
1000000 14 0 7 29621
1000000 14 0 8 35592
1000000 14 0 9 23683
1000000 14 0 10 99183
1000000 14 0 11 160023
1000000 14 0 12 92180
1000000 14 0 13 70116
1000000 14 0 0 111555
1000000 14 0 1 54232
1000000 14 0 2 63915
1000000 14 0 3 45044
1000000 14 0 4 54922
1000000 14 0 5 62226
1000000 14 0 6 60547
1000000 14 0 7 60529
1000000 14 0 8 124402
1000000 14 0 9 95863
1000000 14 0 10 100445
1000000 14 0 11 70473
1000000 14 0 12 42326
1000000 14 0 13 53521
1000000 14 0 0 24335
1000000 14 0 1 54545
1000000 14 0 2 48139
1000000 14 0 3 59575
1000000 14 0 4 25866
1000000 14 0 5 22083
1000000 14 0 6 205029
1000000 14 0 7 49124
1000000 14 0 8 48858
1000000 14 0 9 269843
1000000 14 0 10 21984
1000000 14 0 11 59292
1000000 14 0 12 58681
1000000 14 0 13 52646
1000000 14 0 0 34189
1000000 14 0 1 49691
1000000 14 0 2 49828
1000000 14 0 3 45166
1000000 14 0 4 45218
1000000 14 0 5 271386
1000000 14 0 6 49207
1000000 14 0 7 185459
1000000 14 0 8 45025
1000000 14 0 9 61860
1000000 14 0 10 49492
1000000 14 0 11 59468
1000000 14 0 12 18561
1000000 14 0 13 35450
1000000 14 1 0 43767
1000000 14 1 1 47005
1000000 14 1 2 20621
1000000 14 1 3 80368
1000000 14 1 4 21094
1000000 14 1 5 43926
1000000 14 1 6 54583
1000000 14 1 7 46606
1000000 14 1 8 50896
1000000 14 1 9 150261
1000000 14 1 10 49365
1000000 14 1 11 280957
1000000 14 1 12 39531
1000000 14 1 13 71020
1000000 14 1 0 53839
1000000 14 1 1 57149
1000000 14 1 2 62229
1000000 14 1 3 52673
1000000 14 1 4 50330
1000000 14 1 5 91710
1000000 14 1 6 66929
1000000 14 1 7 61626
1000000 14 1 8 56496
1000000 14 1 9 226256
1000000 14 1 10 47808
1000000 14 1 11 39608
1000000 14 1 12 59774
1000000 14 1 13 73573
1000000 14 1 0 61670
1000000 14 1 1 64243
1000000 14 1 2 54329
1000000 14 1 3 65000
1000000 14 1 4 69764
1000000 14 1 5 67446
1000000 14 1 6 66172
1000000 14 1 7 58426
1000000 14 1 8 182228
1000000 14 1 9 44298
1000000 14 1 10 102348
1000000 14 1 11 44015
1000000 14 1 12 45633
1000000 14 1 13 74428
1000000 14 1 0 25119
1000000 14 1 1 23615
1000000 14 1 2 31430
1000000 14 1 3 30715
1000000 14 1 4 23033
1000000 14 1 5 85729
1000000 14 1 6 24121
1000000 14 1 7 17468
1000000 14 1 8 412341
1000000 14 1 9 24248
1000000 14 1 10 17939
1000000 14 1 11 17925
1000000 14 1 12 17088
1000000 14 1 13 249229
1000000 14 1 0 23535
1000000 14 1 1 23810
1000000 14 1 2 25942
1000000 14 1 3 340710
1000000 14 1 4 283137
1000000 14 1 5 24060
1000000 14 1 6 18931
1000000 14 1 7 24467
1000000 14 1 8 19202
1000000 14 1 9 20089
1000000 14 1 10 20145
1000000 14 1 11 106880
1000000 14 1 12 45900
1000000 14 1 13 23192
1000000 14 1 0 36459
1000000 14 1 1 37847
1000000 14 1 2 35366
1000000 14 1 3 140237
1000000 14 1 4 33598
1000000 14 1 5 448752
1000000 14 1 6 19050
1000000 14 1 7 30912
1000000 14 1 8 28173
1000000 14 1 9 103483
1000000 14 1 10 18724
1000000 14 1 11 17017
1000000 14 1 12 33146
1000000 14 1 13 17236
1000000 14 2 0 74271
1000000 14 2 1 68496
1000000 14 2 2 72820
1000000 14 2 3 68612
1000000 14 2 4 71766
1000000 14 2 5 66882
1000000 14 2 6 72157
1000000 14 2 7 74303
1000000 14 2 8 69899
1000000 14 2 9 70149
1000000 14 2 10 69679
1000000 14 2 11 72573
1000000 14 2 12 74132
1000000 14 2 13 74261
1000000 14 2 0 70038
1000000 14 2 1 71880
1000000 14 2 2 65995
1000000 14 2 3 71446
1000000 14 2 4 74504
1000000 14 2 5 70460
1000000 14 2 6 72863
1000000 14 2 7 72499
1000000 14 2 8 76561
1000000 14 2 9 73072
1000000 14 2 10 71627
1000000 14 2 11 66137
1000000 14 2 12 72768
1000000 14 2 13 70150
1000000 14 2 0 72765
1000000 14 2 1 71258
1000000 14 2 2 74267
1000000 14 2 3 68615
1000000 14 2 4 71281
1000000 14 2 5 68700
1000000 14 2 6 67684
1000000 14 2 7 72120
1000000 14 2 8 71926
1000000 14 2 9 65595
1000000 14 2 10 72732
1000000 14 2 11 80512
1000000 14 2 12 74437
1000000 14 2 13 68108
1000000 14 2 0 89064
1000000 14 2 1 61803
1000000 14 2 2 93412
1000000 14 2 3 48924
1000000 14 2 4 89207
1000000 14 2 5 54944
1000000 14 2 6 51636
1000000 14 2 7 89669
1000000 14 2 8 51325
1000000 14 2 9 90865
1000000 14 2 10 90501
1000000 14 2 11 49716
1000000 14 2 12 48680
1000000 14 2 13 90254
1000000 14 2 0 67619
1000000 14 2 1 75058
1000000 14 2 2 72919
1000000 14 2 3 65836
1000000 14 2 4 72023
1000000 14 2 5 71935
1000000 14 2 6 66972
1000000 14 2 7 66958
1000000 14 2 8 74554
1000000 14 2 9 76778
1000000 14 2 10 70857
1000000 14 2 11 70339
1000000 14 2 12 73383
1000000 14 2 13 74769
1000000 14 2 0 84181
1000000 14 2 1 83700
1000000 14 2 2 78084
1000000 14 2 3 84056
1000000 14 2 4 54380
1000000 14 2 5 62491
1000000 14 2 6 65910
1000000 14 2 7 50699
1000000 14 2 8 54813
1000000 14 2 9 52226
1000000 14 2 10 82631
1000000 14 2 11 79353
1000000 14 2 12 86340
1000000 14 2 13 81136
1000000 14 3 0 74047
1000000 14 3 1 73506
1000000 14 3 2 70829
1000000 14 3 3 71966
1000000 14 3 4 70838
1000000 14 3 5 71572
1000000 14 3 6 72488
1000000 14 3 7 70815
1000000 14 3 8 70815
1000000 14 3 9 70334
1000000 14 3 10 70816
1000000 14 3 11 70815
1000000 14 3 12 70815
1000000 14 3 13 70344
1000000 14 3 0 72986
1000000 14 3 1 72634
1000000 14 3 2 71433
1000000 14 3 3 72325
1000000 14 3 4 71413
1000000 14 3 5 70600
1000000 14 3 6 70600
1000000 14 3 7 71973
1000000 14 3 8 70600
1000000 14 3 9 70600
1000000 14 3 10 71419
1000000 14 3 11 70600
1000000 14 3 12 71401
1000000 14 3 13 71416
1000000 14 3 0 73012
1000000 14 3 1 72498
1000000 14 3 2 72294
1000000 14 3 3 72242
1000000 14 3 4 72218
1000000 14 3 5 71975
1000000 14 3 6 72053
1000000 14 3 7 70530
1000000 14 3 8 70530
1000000 14 3 9 70530
1000000 14 3 10 70530
1000000 14 3 11 70529
1000000 14 3 12 70529
1000000 14 3 13 70530
1000000 14 3 0 72082
1000000 14 3 1 71735
1000000 14 3 2 71713
1000000 14 3 3 71681
1000000 14 3 4 71369
1000000 14 3 5 71614
1000000 14 3 6 71512
1000000 14 3 7 71486
1000000 14 3 8 71506
1000000 14 3 9 70773
1000000 14 3 10 70773
1000000 14 3 11 71485
1000000 14 3 12 71486
1000000 14 3 13 70785
1000000 14 3 0 72673
1000000 14 3 1 72316
1000000 14 3 2 71688
1000000 14 3 3 72009
1000000 14 3 4 71298
1000000 14 3 5 71174
1000000 14 3 6 71159
1000000 14 3 7 71079
1000000 14 3 8 71106
1000000 14 3 9 71080
1000000 14 3 10 71124
1000000 14 3 11 71108
1000000 14 3 12 71107
1000000 14 3 13 71079
1000000 14 3 0 73106
1000000 14 3 1 72342
1000000 14 3 2 72299
1000000 14 3 3 72085
1000000 14 3 4 71994
1000000 14 3 5 70835
1000000 14 3 6 71656
1000000 14 3 7 70834
1000000 14 3 8 70835
1000000 14 3 9 70835
1000000 14 3 10 70835
1000000 14 3 11 70834
1000000 14 3 12 70833
1000000 14 3 13 70677
