1000000 C 1 0 26.011999
1000000 C 1 0 31.726999
1000000 C 1 0 29.857000
1000000 C 1 0 31.966000
1000000 C 1 0 31.028999
1000000 C 1 0 30.370001
1000000 C 1 1 32.726002
1000000 C 1 1 27.760000
1000000 C 1 1 33.307999
1000000 C 1 1 32.595001
1000000 C 1 1 32.523998
1000000 C 1 1 31.886999
1000000 C 1 2 37.026001
1000000 C 1 2 36.209999
1000000 C 1 2 38.652000
1000000 C 1 2 39.604000
1000000 C 1 2 37.130001
1000000 C 1 2 36.313000
1000000 C 1 3 53.008999
1000000 C 1 3 49.762001
1000000 C 1 3 51.525002
1000000 C 1 3 50.601002
1000000 C 1 3 51.546001
1000000 C 1 3 52.104000
1000000 C 2 0 283.846985
1000000 C 2 0 237.391998
1000000 C 2 0 310.264008
1000000 C 2 0 302.028015
1000000 C 2 0 215.281998
1000000 C 2 0 294.670990
1000000 C 2 1 298.893005
1000000 C 2 1 296.565002
1000000 C 2 1 283.723999
1000000 C 2 1 170.014999
1000000 C 2 1 293.322998
1000000 C 2 1 242.871994
1000000 C 2 2 136.843994
1000000 C 2 2 145.610001
1000000 C 2 2 134.606995
1000000 C 2 2 112.753998
1000000 C 2 2 129.852997
1000000 C 2 2 104.031998
1000000 C 2 3 91.525002
1000000 C 2 3 491.306000
1000000 C 2 3 321.178009
1000000 C 2 3 414.980011
1000000 C 2 3 276.395996
1000000 C 2 3 406.606995
1000000 C 4 0 469.677002
1000000 C 4 0 520.218018
1000000 C 4 0 418.352997
1000000 C 4 0 502.658997
1000000 C 4 0 501.710999
1000000 C 4 0 477.481995
1000000 C 4 1 499.243011
1000000 C 4 1 488.700989
1000000 C 4 1 459.237000
1000000 C 4 1 359.972992
1000000 C 4 1 367.455994
1000000 C 4 1 400.476990
1000000 C 4 2 172.960007
1000000 C 4 2 182.246002
1000000 C 4 2 166.514008
1000000 C 4 2 177.070999
1000000 C 4 2 176.106003
1000000 C 4 2 162.893997
1000000 C 4 3 487.184998
1000000 C 4 3 418.855988
1000000 C 4 3 435.790985
1000000 C 4 3 464.390991
1000000 C 4 3 451.014008
1000000 C 4 3 347.455994
1000000 C 8 0 964.593994
1000000 C 8 0 955.163025
1000000 C 8 0 947.267029
1000000 C 8 0 866.432983
1000000 C 8 0 995.637024
1000000 C 8 0 1032.885986
1000000 C 8 1 749.242004
1000000 C 8 1 699.075989
1000000 C 8 1 658.857971
1000000 C 8 1 719.031006
1000000 C 8 1 685.575989
1000000 C 8 1 647.799988
1000000 C 8 2 340.944000
1000000 C 8 2 212.403000
1000000 C 8 2 218.781998
1000000 C 8 2 271.712006
1000000 C 8 2 203.393005
1000000 C 8 2 204.319000
1000000 C 8 3 455.002991
1000000 C 8 3 346.470001
1000000 C 8 3 490.191986
1000000 C 8 3 328.170990
1000000 C 8 3 328.135010
1000000 C 8 3 496.476990
1000000 C 14 0 2686.898926
1000000 C 14 0 2209.607910
1000000 C 14 0 2598.845947
1000000 C 14 0 2795.187012
1000000 C 14 0 2429.933105
1000000 C 14 0 2333.477051
1000000 C 14 1 1327.135986
1000000 C 14 1 1512.107056
1000000 C 14 1 1605.228027
1000000 C 14 1 852.468994
1000000 C 14 1 854.585022
1000000 C 14 1 1156.454956
1000000 C 14 2 178.593002
1000000 C 14 2 279.214996
1000000 C 14 2 271.915985
1000000 C 14 2 166.479004
1000000 C 14 2 175.830994
1000000 C 14 2 215.800003
1000000 C 14 3 430.084015
1000000 C 14 3 517.158020
1000000 C 14 3 372.037994
1000000 C 14 3 450.565002
1000000 C 14 3 494.183014
1000000 C 14 3 440.325989
