1000000 1 0 31.7819995
1000000 1 1 31.683999999999997
1000000 1 2 37.255500999999995
1000000 1 3 50.1900005
1000000 2 0 237.2420045
1000000 2 1 236.91049950000001
1000000 2 2 125.609001
1000000 2 3 309.1825025
1000000 4 0 513.1685025
1000000 4 1 455.284012
1000000 4 2 167.71049499999998
1000000 4 3 407.0345
1000000 8 0 959.762512
1000000 8 1 672.614502
1000000 8 2 268.24501050000003
1000000 8 3 383.162506
1000000 14 0 2696.288574
1000000 14 1 861.5910034999999
1000000 14 2 183.47299950000001
1000000 14 3 445.30699200000004
