6541236447
12107823476
27491249704
46127915055
42701190677
22904789300
4086188391
52705815600
67017314357
1841015573
18131656963
50262027749
32225365530
35146949330
57843032288
26581072639
30111843007
64052397697
12923850594
47718327776
33189846759
31570511572
12664965725
10892331552
19834973079
61552622640
56213748248
31208728439
43271706430
59682161823
36827143110
2101170190
784226277
46314443485
32245457341
16683502575
30651142770
29584008852
27696709066
22681618930
27973661996
39908479776
9169012483
10399819363
26513783274
8391481205
14510849435
21540958942
35886846004
54284802229
22367382008
51319640637
25840496150
34215052692
45537807184
14565139975
29880232537
9274067244
21517591359
37253753725
63764613932
17938969041
7459848073
23771101249
45939601930
10351274813
33043722928
61822066575
15095677177
9780336527
55489753954
55705500631
57733138745
12252550951
32831819518
38107833615
46920101798
13985271181
45854856993
33423915632
5509927333
44050179537
55038645933
67709535956
58900359630
66777318611
50814648287
1002066933
61354725152
39538001912
60927121604
44147761190
21092630657
16947878927
52172398726
42583860416
38456190247
49790330535
68299545273
38353332583
38334174958
18117136347
35096797804
48670999342
48564876919
46613480924
59650259856
35398134174
2219892485
44087027388
4867372400
48564703411
5983298554
48444956315
34864860038
35589701900
48075512472
35302029358
25117527320
56255951882
48768575393
58541550045
52459122739
55294691205
18794086685
67756502905
46054092846
37138227480
31231683654
41594190798
5825925015
7497513188
30324881564
15686800434
50923573301
45926232321
28736220903
53870131471
66332665824
68419118250
51471772102
32967739290
65927698688
25708939310
47298647398
12064371287
19760372286
14411784428
16678727090
9609332728
9432400704
1850859593
29529188835
34538529489
15472454906
63522144994
46265510086
65558043765
29978977181
40823536783
2481435655
443684314
45103566064
59735187876
8756949174
55343447460
29567751348
55147139562
15631235610
9992684388
23791427602
15834658466
24576269344
49328640042
11093463394
5333141494
8042853448
17759545888
61822330585
37390869870
39190032934
23448343330
6969636174
43196843701
9179627339
13543547145
37052008496
31235001790
52682807833
62056190785
41790825500
31884690343
4512219399
9827015491
36563641618
37896311978
66368960157
14246257659
6846119501
34498862293
37892478449
67815327528
22720983928
9658623481
10382978742
65334169021
4557781918
43638038648
25112101118
31143824094
15438981208
11696019734
24572005814
315275435
56788123553
2988289486
63665965164
45088221093
6183839804
1196896172
51273847222
63568245948
59359245882
59876003229
1082959746
18185102655
4633447710
59458113840
10375633499
49685073565
37891636359
30007972124
20544216382
60372276047
54446209858
66004447656
8890440191
19680214726
8678558982
55861241565
17640749599
67750098480
10755642133
10823335491
24158453797
11076771809
51386386539
45702792510
3402943477
20511904605
25412411363
44079451518
47246833463
53459957640
7561383393
15969829128
41297811957
13991714440
24794056778
15042696307
24341154963
1582614704
47951685598
45981035691
19163420753
60417083319
52340856808
49949463112
38031047877
51473347806
2141693167
41162838933
61174429410
55241620361
10716359922
40908800883
49028012087
6289532606
14070640206
60645453677
10543754050
39615814443
12723976431
67727417932
1479237394
59888472326
27844852046
57565563385
16387849228
8113783740
43948624006
5788418435
13314046557
11972348268
51407511238
23900515628
15835289348
24455153386
30577425073
48646643210
26867063276
22442811401
64263658206
3724074845
62723117874
13458643439
30370696619
34717267352
61211008051
38370437671
50916909056
61610294803
44327000684
12436870573
8276033185
60478284892
14991340038
29359532963
63347945157
19172227264
64440364723
12577547297
65450227875
4969624061
67581674443
47114899811
11490457719
26382304801
21331227195
20443650729
43697204786
11985479581
34836084306
24557787786
13243947862
65947984238
4147743122
12086649233
4847640848
9278157977
16300526776
38228161361
7487248766
19567557881
1605130410
8709448698
22927381457
41661049267
59209558668
18584122756
43722931329
10591756260
56602822190
54328251028
12819640998
1216549397
59649824227
18853508245
20841803772
59276990009
14536511389
9718031379
59970627779
23580534205
43899888530
19688462067
1759158387
20669666589
36530553685
42928153317
44153515029
22656435363
33453564914
47891621707
38572694288
64051875318
67501816969
66706609963
47260901436
5619051895
60521635558
18675494661
61828007199
6504113028
59310229355
51308501741
5671588703
34217073924
55968288716
28696962554
33630565821
12919600009
51865729696
35745195692
21170097104
24631933235
63190540864
34717816003
59847126882
22183832221
33610256261
20977466230
25112366480
32103379396
60850122212
44424043852
59095783786
26635627379
68704867901
34755767845
56418575082
18969049123
50933333290
48607102908
43881939827
60883841558
59824673369
8643990765
67401319210
27677398559
24449072478
57876780409
23178466730
48321210340
16651870687
56247363043
14533773906
48916502659
26454366526
30502093140
68263839548
58349178696
43589770761
37879822661
59662033155
8731390848
59778788318
55893632505
21681593213
42223474534
19087540417
37726214532
44662304713
54048164385
53326353144
31066334653
37221184807
25131634232
67943292190
3757947383
12096386086
7385447248
57407088356
11705127834
52702348253
28351856911
28286731406
7170576393
29990103773
29307360486
24648716780
65152197837
8097183208
3287486493
8922020479
4546575302
30208517892
3285678597
8789119730
31658857277
30221212405
53111239896
29718941592
18946988402
47921811945
44553635692
4916312776
62908331692
22682215845
26001344148
66935334710
42026320910
57986068261
45282973994
7971296848
52507903838
11628389390
24864847578
65095977631
55265353518
67663165682
29059944531
16938390490
59170107383
2246500303
25617020081
24453702043
25174647512
8455073716
920779689
66575757106
57639767056
37826791742
36733981844
37248467547
50918142887
28430110960
62456035849
34670298378
34816274691
15973767152
39708305462
19910980094
15465545431
9524031457
10241462678
33386570946
32461266395
58644182688
5293873596
60666482760
36199664475
37964635801
66515240632
58333508121
10190800915
18521435484
67471921008
27509951724
10418956616
38339989997
34417758403
50053227264
30286241852
19650654444
18276650202
28350250472
15445794009
56896250322
58834954469
58584140482
6711127366
40707123078
57513281354
54404360587
33593696041
37928407313
44503918504
11904963801
28142094376
1006441021
11788405653
2274716330
23265097777
28545207679
27084428787
9618678155
65542794522
25036706654
52624753852
39809224760
27383623592
1098612212
17239132230
51582030720
2125343901
26336163028
9974395729
40424922502
45685862679
42845855623
27326489119
43690074778
26947055186
57075879264
16577501046
40408611459
68329314495
34646568549
58008381628
55072230720
40932487294
36432579182
33294422204
4618779229
54150831868
53632011785
6538920507
33076594823
44662364323
28930950278
31429332251
26408083813
65942708246
28022558995
54072058356
47093639163
36105742555
29099698911
67683501715
30272622941
22551041699
31286600637
67226555023
9678514409
29129362301
33726372828
10063506045
27141737272
53909036670
28919992577
45337674958
29241300781
6449572858
27744012644
12794069954
32918079370
31074366824
11096065444
29540603151
61053636022
12879262155
66436754194
5907386579
5372393776
64910337139
45385105118
52669197251
130126088
46042524959
31910866455
11497453624
22794073511
4931567970
12499771865
14302336427
53005513665
50416518573
63925091217
32995413547
42583727194
39935153062
23051056688
23192476742
62203521099
40499653150
6414775777
64248404903
60540153966
6947914728
35207453235
31649061637
54710851084
35916113860
50469518613
14679845739
36054722599
35726674811
19881400826
41125964359
24447491962
8927143400
35111984867
4202717834
45910105174
61088924256
53738319834
66204477217
550392206
35957782948
64211092209
22218093571
68241539449
15459482402
33311549503
11504703626
63832616227
14812729259
6301643525
827254322
68364262208
49977636476
53473350005
46384909967
2205554401
43400419061
41965093632
32445701617
6872675095
47773837722
54767278695
51382907031
19401815443
30597062747
49336421252
12550116204
10058675927
58584750697
10352866685
9670502792
45165371780
8294498541
19629634983
55225961329
42293912555
45735678215
46116283674
46245536139
60754262026
2651955668
29456176967
15108947849
41066496077
67633025351
25486532996
42659256134
68034177145
44172623047
29096413915
52590742492
32435433418
4200722421
49453344157
32091106222
4575328460
1447094107
2447034868
60422730389
8515925557
66502500151
35625851247
1503965851
65768705319
11621668216
49466947890
8758906271
10067577627
60934141413
67015311678
23957705148
12710730605
1460818728
11895667432
24846350688
25044186012
33499869715
31788146800
62117081940
31969654065
60353539168
40645642241
38611711819
38475143686
21172656167
67254592410
15513235688
15449851515
2897013855
38337119571
12848842936
3357234795
13727791307
58150220838
34934996030
2257875548
51501525779
56641379998
68402774891
8232958568
64143469785
2104506955
24403451653
45296915945
11291981488
37303863177
32593606463
19174457157
25432566273
57182390272
56510264656
28190604932
17245675245
25695203721
58362789890
64198761242
67061407654
35325059004
49255282556
12125607918
36596235782
34959065009
8590652209
3357039133
35424983884
5857929010
59536633718
20090495276
7752477453
22183640932
21974406032
28375290404
40281700608
44696761371
48037259404
54919009740
37962174728
14310460519
40810027062
67098838286
891185131
39588848057
8755880441
39012142127
58905642611
47924151576
29730632759
42599084020
19583592752
47822326094
51130877110
5355927007
19797082255
41182397996
66339056845
20496410359
54927288653
13224027876
64983651495
65636465688
45863436494
1674368233
45105578912
59189782252
52003748574
15968634401
47759245851
4606803427
31792542056
5238968537
31325616784
52342354486
46287738157
37147566858
34899654489
67762646412
48851341877
36334093365
53982194243
12358623178
32256142721
24924720884
17828600636
40597980397
60051404580
36884840916
13341657426
52353557344
24751236812
3781364890
12633658042
4975189523
16237045788
16186368330
58501036859
48683274865
24326595481
32024613030
4547196667
64734979381
55464944619
7701838680
37010088810
3894654187
65555269345
42875266134
29656714370
47239061044
21086590483
10560963248
40099410322
44175844193
59892514234
49303126324
9676286256
63078422424
54682162736
13822440512
16814959486
39762445819
8399599149
63367953341
13692547161
67452183364
6394050277
19679072735
64211489085
10152847188
28596234735
68381469527
35667528413
56645577907
48317488201
65197054364
64219685800
49081179810
63752354779
31560530240
14952714213
60349457343
17705829759
17721861437
61431580865
55036230074
61143613010
60546223217
50220795599
16209930898
40514007676
38885376183
26482332732
62005696357
51446650375
20717595335
31337353376
57356962737
32357998345
51549112819
32488315293
47972526808
2433214073
50717765310
31749147125
16621312597
63974261656
42082330436
24658946804
21331972781
44306825772
46245548330
20628266926
8819989891
50260692823
33955575157
62337533033
40788512425
26352083950
46646193330
39267660430
68023386488
61309553279
41872776981
62146497635
37432062908
65268420500
33470991156
28946925260
7268871202
22349537721
45430167931
57178796049
58769601318
10868274810
24949832601
3566323211
41935519693
66352344782
30018979741
38835240441
25273816391
59959382833
29181236211
50325785830
34504534547
42698835972
48774749092
63154381339
2837636633
62553062543
43139527916
15807700564
13703690134
25654313713
47593416641
44393706722
22827545288
66846783716
32261351450
24496541067
65159366001
1706841523
50856491595
35179528362
24773205087
14935996485
33885102220
19766890252
38699478807
22846909643
52580066380
45690173533
2530157792
14977253433
40464453854
57345266082
6241960184
22494945516
4422217008
62122633983
21418726967
1962656886
39994938445
57820435891
7358407940
22466817044
26231525460
37419304146
53819975920
51876247941
27855637769
6543332937
57698486702
5044022900
19820155215
64567970773
20387555170
52660217741
21532999087
53703153400
5701566717
484166185
48185787516
22929900500
40300144005
60034424375
3631939106
57055109534
49334521811
10686068444
20221051782
8849280985
51528929076
22992851185
25001724476
55746180999
6896681114
65002929762
29224475429
27188313116
55957095370
60043221504
50617007531
2412310671
46051149238
3443226510
45744695802
31087315046
39148439718
12935125211
56699943949
24368379548
6736101487
13522530819
19789816535
28188217549
9345637126
54206869445
68124661906
64782396606
46755236163
66562703604
27827118232
8253360313
48696387911
29558965313
20992415611
62194079191
13757342393
51181061246
27828524619
45146311934
14117608512
7985162686
8249094742
41754185259
17822079336
3723119746
30024590690
39497593456
28302960010
40953538743
23477445021
59848065283
26399897427
13959
20371790637
60504672101
349159588
68203703128
5578541381
7915631972
12169509914
51685340200
32893081933
52435652334
66836860054
23715663414
18589670710
17086270798
12398304222
56204464376
62251005385
41209246908
28949197486
25447081183
18667187696
21142432867
18795333244
60772299817
28857561087
36404123627
29952465225
67475456906
46573002628
31246137991
48307446828
930902573
26558617056
43156127045
24231753814
23132045750
20055327767
65788036981
3414995681
7089023931
57605358974
21513017229
10012855106
20234432312
5756235722
11158995194
56324433392
2260199711
45970824832
776875431
51863753308
9002219571
52717660730
2048821947
25776567226
12266571461
58420202080
14915468461
38602482484
31190486091
53458883142
1861096398
34083505724
32203003951
6100751659
24750580594
11828524477
31247059190
42790266439
56274796375
34892224689
17835567025
9912364563
19939204206
53755770467
17692834823
49522635260
17314122001
39937481711
24147194059
2521998378
35771907273
48171548940
24111313245
32104338951
66125097237
45788897003
17056025299
19470810165
57382271359
46046150236
28227303025
23073544109
10879251986
11981955377
4325140077
21762367881
2294751543
26918918367
11505271287
52137540766
13367099279
65118041238
48294192128
26704506048
34911408068
15223372539
53920824730
14244077731
49294984035
62374331544
40448043764
25704799192
68295706116
67214255208
